c1,c2,c3,c4,c5,c6,c7,c8,c9,c10,c11,c12,c13,c14,c15,c16,c17,c18,c19,c20,c21,c22,c23,c24,c25,c26,c27,c28
0.0004,0.0542,0.0015,0.0152,0.1270,0.0539,0.0364,0.0184,0.0104,0.0092,0.0080,0.0084,0.0058,0.0041,0.0035,0.0042,0.0056,0.0069,0.0056,0.0084,0.0034,0.0026,0.0038,0.0044,0.0035,0.0042,0.0047,0.0065
0.0542,0.0111,0.4517,0.0003,0.0084,0.0042,0.0157,0.0152,0.0080,0.0099,0.0134,0.0140,0.0063,0.0058,0.0042,0.0040,0.0042,0.0055,0.0010,0.0061,0.0039,0.0016,0.0182,0.0031,0.0053,0.0037,0.0110,0.0062
0.0015,0.4517,0.2692,0.0136,0.0007,0.0088,0.0080,0.0093,0.0082,0.0089,0.0090,0.0081,0.0089,0.0043,0.0044,0.0057,0.0049,0.0054,0.0050,0.0056,0.0022,0.0023,0.0037,0.0033,0.0042,0.0047,0.0077,0.0082
0.0152,0.0003,0.0136,0.1158,0.0186,0.0001,0.0024,0.0036,0.0060,0.0136,0.0160,0.0162,0.0088,0.0054,0.0044,0.0057,0.0066,0.0060,0.0115,0.0088,0.0075,0.0024,0.0085,0.0065,0.0197,0.0054,0.0321,0.0161
0.1270,0.0084,0.0007,0.0186,0.1052,0.0094,0.0001,0.0048,0.0118,0.0078,0.0209,0.0121,0.0071,0.0037,0.0062,0.0050,0.0065,0.0044,0.0053,0.0053,0.0030,0.0019,0.0084,0.0052,0.0071,0.0099,0.0220,0.0113
0.0539,0.0042,0.0088,0.0001,0.0094,0.0612,0.0092,0.0002,0.0073,0.0136,0.0073,0.0179,0.0148,0.0045,0.0034,0.0053,0.0048,0.0047,0.0104,0.0051,0.0036,0.0033,0.0075,0.0106,0.0122,0.0075,0.0689,0.0219
0.0364,0.0157,0.0080,0.0024,0.0001,0.0092,0.0079,0.0383,0.0001,0.0027,0.0065,0.0086,0.0129,0.0128,0.0056,0.0036,0.0067,0.0046,0.0187,0.0077,0.0051,0.0024,0.0068,0.0070,0.0234,0.0149,0.0716,0.0612
0.0184,0.0152,0.0093,0.0036,0.0048,0.0002,0.0383,0.0452,0.0288,0.0013,0.0173,0.0065,0.0040,0.0052,0.0038,0.0040,0.0033,0.0011,0.0046,0.0047,0.0042,0.0011,0.0059,0.0123,0.0125,0.0166,0.0775,0.0594
0.0104,0.0080,0.0082,0.0060,0.0118,0.0073,0.0001,0.0288,0.0004,0.0097,0.0001,0.0018,0.0057,0.0033,0.0044,0.0018,0.0035,0.0028,0.0109,0.0043,0.0088,0.0027,0.0146,0.0134,0.2279,0.0550,0.7144,0.1212
0.0092,0.0099,0.0089,0.0136,0.0078,0.0136,0.0027,0.0013,0.0097,0.0260,0.0070,0.0001,0.0011,0.0014,0.0021,0.0035,0.0038,0.0023,0.0057,0.0039,0.0079,0.0030,0.0187,0.0156,0.0792,0.0736,0.1087,0.1258
0.0080,0.0134,0.0090,0.0160,0.0209,0.0073,0.0065,0.0173,0.0001,0.0070,0.0052,0.0015,0.0001,0.0004,0.0018,0.0006,0.0054,0.0066,0.0116,0.0054,0.0144,0.0049,0.0255,0.0543,0.1346,0.0543,0.2021,0.0514
0.0084,0.0140,0.0081,0.0162,0.0121,0.0179,0.0086,0.0065,0.0018,0.0001,0.0015,0.0024,0.0010,0.0000,0.0003,0.0011,0.0028,0.0101,0.0144,0.0071,0.0383,0.0097,0.2033,0.0448,0.2961,0.0645,0.0575,0.0337
0.0058,0.0063,0.0089,0.0088,0.0071,0.0148,0.0129,0.0040,0.0057,0.0011,0.0001,0.0010,0.0017,0.0008,0.0001,0.0003,0.0028,0.0044,0.0203,0.0129,0.1039,0.0424,0.4331,0.0818,0.1701,0.0665,0.0178,0.0201
0.0041,0.0058,0.0043,0.0054,0.0037,0.0045,0.0128,0.0052,0.0033,0.0014,0.0004,0.0000,0.0008,0.0018,0.0006,0.0000,0.0009,0.0024,0.0190,0.0322,0.8115,0.1394,0.9541,0.0450,0.1545,0.0275,0.0182,0.0123
0.0035,0.0042,0.0044,0.0044,0.0062,0.0034,0.0056,0.0038,0.0044,0.0021,0.0018,0.0003,0.0001,0.0006,0.0036,0.0005,0.0004,0.0087,0.0431,0.0143,0.2400,0.9539,0.4754,0.0578,0.0221,0.0266,0.0041,0.0100
0.0042,0.0040,0.0057,0.0057,0.0050,0.0053,0.0036,0.0040,0.0018,0.0035,0.0006,0.0011,0.0003,0.0000,0.0005,0.0010,0.0183,0.0157,0.0939,0.0469,0.8503,0.8462,0.1217,0.0284,0.0154,0.0082,0.0035,0.0048
0.0056,0.0042,0.0049,0.0066,0.0065,0.0048,0.0067,0.0033,0.0035,0.0038,0.0054,0.0028,0.0028,0.0009,0.0004,0.0183,0.0175,0.1049,0.0010,0.0109,0.0084,0.3134,0.0406,0.0326,0.0068,0.0093,0.0048,0.0113
0.0069,0.0055,0.0054,0.0060,0.0044,0.0047,0.0046,0.0011,0.0028,0.0023,0.0066,0.0101,0.0044,0.0024,0.0087,0.0157,0.1049,0.0068,0.2558,0.0079,0.0056,0.0223,0.0141,0.0073,0.0051,0.0035,0.0045,0.0042
0.0056,0.0010,0.0050,0.0115,0.0053,0.0104,0.0187,0.0046,0.0109,0.0057,0.0116,0.0144,0.0203,0.0190,0.0431,0.0939,0.0010,0.2558,0.0001,0.1512,0.0003,0.0011,0.0089,0.0028,0.0067,0.0039,0.0058,0.0030
0.0084,0.0061,0.0056,0.0088,0.0053,0.0051,0.0077,0.0047,0.0043,0.0039,0.0054,0.0071,0.0129,0.0322,0.0143,0.0469,0.0109,0.0079,0.1512,0.0080,0.0014,0.0004,0.0048,0.0049,0.0038,0.0213,0.0032,0.0045
0.0034,0.0039,0.0022,0.0075,0.0030,0.0036,0.0051,0.0042,0.0088,0.0079,0.0144,0.0383,0.1039,0.8115,0.2400,0.8503,0.0084,0.0056,0.0003,0.0014,0.0140,0.0081,0.0000,0.0007,0.0031,0.0017,0.0014,0.0015
0.0026,0.0016,0.0023,0.0024,0.0019,0.0033,0.0024,0.0011,0.0027,0.0030,0.0049,0.0097,0.0424,0.1394,0.9539,0.8462,0.3134,0.0223,0.0011,0.0004,0.0081,0.0026,0.0036,0.0019,0.0028,0.0026,0.0007,0.0023
0.0038,0.0182,0.0037,0.0085,0.0084,0.0075,0.0068,0.0059,0.0146,0.0187,0.0255,0.2033,0.4331,0.9541,0.4754,0.1217,0.0406,0.0141,0.0089,0.0048,0.0000,0.0036,0.0002,0.0015,0.0000,0.0001,0.0001,0.0011
0.0044,0.0031,0.0033,0.0065,0.0052,0.0106,0.0070,0.0123,0.0134,0.0156,0.0543,0.0448,0.0818,0.0450,0.0578,0.0284,0.0326,0.0073,0.0028,0.0049,0.0007,0.0019,0.0015,0.0029,0.0029,0.0001,0.0033,0.0066
0.0035,0.0053,0.0042,0.0197,0.0071,0.0122,0.0234,0.0125,0.2279,0.0792,0.1346,0.2961,0.1701,0.1545,0.0221,0.0154,0.0068,0.0051,0.0067,0.0038,0.0031,0.0028,0.0000,0.0029,0.0050,0.0034,0.0000,0.0003
0.0042,0.0037,0.0047,0.0054,0.0099,0.0075,0.0149,0.0166,0.0550,0.0736,0.0543,0.0645,0.0665,0.0275,0.0266,0.0082,0.0093,0.0035,0.0039,0.0213,0.0017,0.0026,0.0001,0.0001,0.0034,0.0302,0.0021,0.0004
0.0047,0.0110,0.0077,0.0321,0.0220,0.0689,0.0716,0.0775,0.7144,0.1087,0.2021,0.0575,0.0178,0.0182,0.0041,0.0035,0.0048,0.0045,0.0058,0.0032,0.0014,0.0007,0.0001,0.0033,0.0000,0.0021,0.0019,0.0003
0.0065,0.0062,0.0082,0.0161,0.0113,0.0219,0.0612,0.0594,0.1212,0.1258,0.0514,0.0337,0.0201,0.0123,0.0100,0.0048,0.0113,0.0042,0.0030,0.0045,0.0015,0.0023,0.0011,0.0066,0.0003,0.0004,0.0003,0.0007